923599541129842779
923600313011826728
923601076941357126
923601858994532393
923602626854158416
923603405656690728
923604186128609281
923604954860642314
923605725735956531
923606513526931518
923607293487095889
923607932283789402
923608497034244136
923609049369550928
923609676858392576
923610293005852723
923610855759814656
923611385357819974
923612157646614588
923612919940407337
923517962328084490
923518662659416085
923519362474860544
923520068162301972
923520774017548328
923521476810932234
923522177968504862
923522875858771979
923523580359221278
923524280623448116
923524986885537813
923525689968304210
923526396880486400
923527095303430175
923527800550461480
923528501993283614
923529212462260235
923529915066875934
923530620053897246
923531326290796574
923532023723868221
923532724646588436
923533425267339316
923534124298432552
923534826294882324
923535528262008843
923536228811431967
923536938097594389
923537653113176084
923538355709411428
923539055642288189
923539749560524821
923540984845975552
923542263626342400
923543544872972319
923544610733695026
923549800270549022
923550525323104287
923551209888055378
923551904242479104
923613684578787418
923614463834345504
923615272416456755
923616061742530570
923616828897521714
923617589576491070
923618375253524501
923619130152734750
923619899253862400
923620686726058004
923621473514577960
923622289667399721
923628238293594122
923634383322243102
923635079253753876
923635782563024907
923636482630103040
923637190393749574
923637893459750944
923638594197938176
923639288686579813
923639989408002088
923640693702930483
923641391786127370
923642100434747393
923642815341293628
923643516637282344
923644223461412874
923644926045089863
923645632898539601
923646341626855506
923647042058870814
923647745829511168
923648447901466745
923649163365875812
923649890628800552
923650577664208987
923651269074255933
923651965983031357
923652664280092722
923653367270637608
923654066482053233
923654768482746518
923655475571097601
923656178670653451
923656883003338902
923657593187086388
923658300728414253
923659004029313115
923659703853129829
923660405992198205
923661113101516921
923661820173111346
923662526200295435
923663226653278218
923663926992969818
923664641350041641
923665344495755296
923666045754023976
923666744944496640
923667440490147870
923668143245774949
923668853043630112
923669553928605757
923670271020396644
923670980403019818
923671681724219454
923672389554942033
923673098430062642
923673806910930944
923674504478228490
923675204625002496
923675912678019098
923676625705504838
923677326229778513
923678030872866876
923678729480331304
923679430046515230
923680132802154526
923680845263433790
923681551118643201
923682251861012481
923682952448204820
923683651936473208
923684366255788082
923685071750299728
923685768575205409
923686468952678421
923687180096925696
923688572559695872
923689278020665394
923689986979672064
923690683649372231
923691379064971334
923692083741593672
923692776154091570
923694163394953227
923694865894748251
923695578314072094
923696291672895558
923696991098245130
923697699629436938
923698408181608508
923699109200809995
923699819325829150
923700521427169280
923701221565542421
923701926544154636
923702629589221437
923703341601677383
923704045137453066
923704749830856766
923705455665086505
923706161256071189
923706866037563423
923707568487030794
923708274887516180
923708978314215484
923709690330877992
923710399638040578
923711099164045383
923711811809841203
923712522501111868
923713223746805781
923713927387426826
923714631313276948
923715335310442516
923716031233544203
923716736006623232
923717429270573147
923718132026187796
923787620209795072
923788392884498493
923789136391962634
923789865542385675
923790636564504596
923791411114037280
923792142126706778
923792880319987772
923793622338527312
923794358875066388
922264903564267551
922265570085335111
922266237210349648
922266902452138016
922267568427905094
922268233485131836
922268898722730044
922269564975333426
922270230313574440
922270897765752852
922271562957226004
922272229251772487
922272896125141073
922273561966694460
922274227963437136
922274893700149338
922275559311036437
922276225752399942
922276890654429245
922277557414531082
922278223621013534
922278890502774814
922279555530637382
922280220860510259
922280886525915147
922281552522674217
922282218523602976
922282884394528848
922283550542290964
922284216316747786
922284881520779305
922285547823693836
922286212734144614
922286878005276724
922287544773775390
922288212335017994
922288877396447293
922289546325024820
922290210866339880
922290877118959637
922291541995831297
922292207573168159
922292872550703166
922293539122057246
922294203235598388
922294869408485396
922295533706551337
922296200613490739
922296866333413406
922297529251549224
922298195369926666
922298860339081226
922299526071582761
922300191737016380
922300856651628594
922302189739839508
922302855757578270
922303518369521694
922304848047775814
922305513297948712
922306179525410846
922306846751088680
922307513548939275
922308181953228830
922308844015734824
922309507734974465
922310169793286179
922310833453817957
922311495432413236
922312161206874122
923161476166991912
923162071183544330
923162748681076797
908695320328822864
908695384933670913
908695502047019018
908695511953989643
908695522116780102
908695513287774241
908695536905879562
908695536750719016
908695536805224458
908695536771670028
908695536884928522
908695567318790154
908695572603604992
908695553930575913
908695573455065099
908695587111710780
908695642191319081
908695687254925383
908695698382389278
908697781928099840
908697804191436840
908697971187654666
908698013193609249
908697992142413834
908697995162308659
908698001030144061
908698011343917107
908698035356315680
908698024170115122
908698035717013504
908698011595583499
908698036576845854
908698024086220880
908698053052076032
908698108639199253
908698201148768257
908698253422370826
908698190612664370
908698256719110144
908698237031047178
908700304105697310
908700304848089128
908700328029990962
908700332962480128
908700358350602300
908700357885055026
908700515355987999
908700546251255808
908700545680830506
908700534817570867
908700574470529075
908700576123072533
908700596553523210
908700596561928232
908700612487692298
908700607001530428
908700611980173332
908700596511576074
908700596381556789
908700611661430834
908700609190952990
908700645572362301
908700650223845397
908700847112859689
908700861692256256
908700885805310013
908700861461594114
908700861667086347
908700885616558080
908700885536882689
908700868419924018
908702560901287987
908702570472677378
908702561631076382
908702632057638923
908702655373791242
908702808331649114
908702800320532500
908702823523446805
908702799741747240
908702826849513522
908702800228270091
908702839692460093
908702839075917826
908702841298899025
908702841336647731
908702799599128626
908702823657668638
908702841688952832
908702869874704384
908702876317143050
908702875541188690
908702880440123472
908702875646038066
908703093225574411
908703092327989258
908703121503551559
908703082320384030
908703121860079637
908703122271113236
908705043044253696
908705063466319882
908705088346918983
908705085784207381
908705089085128704
908705089018032129
908705085515763764
908705089072537630
908705119372185700
908705233255944272
908705242869301279
908705219397943306
908705269016584253
908705297139380274
908705309449674772
908705297055490089
908705299362377788
908705299454652446
908705326033936444
908705331251642428
908705324217819236
908705382992588822
908705396611489852
908705395214803016
908705385823764510
908705395177029662
908705404048011316
908705463313498113
908705548487233637
908705531068317726
908705604128899152
908705566178803712
908705617659695105
908707684872765490
908707685225103451
908707664891101214
908707673657196615
908707659950211112
908707659941806120
908707704619552779
908707699703808052
908707684864364605
908707699552845876
908707713813467148
908707712861356044
908707693806620683
908707684507852820
908707713041707108
908707725540732978
908707736664039446
908707725196804136
908708001924403250
908707975030517830
908708001806946336
908708024183558154
908708022459715594
908708023671865446
908708001689505833
908707997415514162
908708002574520331
908707953828319252
908710123277520946
908710180538183740
908710151018655814
908710179418300466
908710170262143007
908710172464152576
908710190189256714
908710168420827187
908710195847385138
908710195771871232
908710186884153375
908710179665772594
908710195725750292
908710186892525608
908710181712580610
908710180487856128
908710195759284284
908710504418148402
908710524408172584
908710523342819328
908710543479689316
908710537125306388
908710508625010748
908710543995576350
908710513763037204
908710508708905041
908710505319911455
908710524424978432
908710524437540874
908710522474622977
908710544058499112
908710546130481152
908712606498422814
908712620087996436
908712621841207336
908712617646895125
908712621782466560
908712597556170812
908712638362554378
908712641965465651
908712645119594506
908712661724835880
908712657232728094
908712661968101437
908712929514360843
908712936049111071
908712942667702303
908712922275000380
908712941237469205
908712929384353872
908712958052401192
908712912460324874
908712958257926185
908712960564801607
908712987991343135
908712957913997343
908712991430692884
908712958031458365
908713011068416000
908713028730642443
908713038796955711
908713056660521031
908713058963165234
908713280539869204
908713299602997269
908713299737190411
908713299875627068
908715286578991145
908715280715382815
908715305302364192
908715312579506227
908715519601963008
908715499335086140
908715574765436928
908715565043056722
908715583623823360
908715584148111420
908715597607612417
908715565290516491
908715582826893313
908715558965510155
908715596298977301
908715582977900617
908715574689943582
908715585431547914
908715606822498315
908715583904825367
908715607292260374
908715617195032617
908715641475854337
908715909328302130
908715903636602891
908715893796777986
908715906052534372
908715894115553300
908715906039947274
908715926982107186
908715909248598087
908715928705990656
908715919868567603
908715914910904382
908715926835314720
908715927112151050
908715929096032286
908717783368474624
908717788066091020
908717797004161105
908717802947481632
908717783309754469
908717806751723530
908717806072234077
908718096636866590
908718095592456223
908718078299369523
908718088617357352
908718096519401473
908718096624267264
908718119114121266
908718096611680316
908718095223373854
908718104186593391
908718119281913856
908718106367623178
908718126932316221
908718123308437525
908718126210879529
908718117293785090
908718119634210816
908718126328324136
908718119642615808
908718337482174515
908718378989027358
908718402984640542
908718399474003979
908718380142460950
908718388661088336
908718370873044993
908718402946863166
908718388375847012
908718399591424071
908718420311277588
908718379546869841
908720216521998396
908720239439663115
908720237355085844
908720216555528192
908720241729761300
908720221068599317
908720241742336070
908720227234218074
908720241671036970
908720275334496276
908720271593205801
908720501109714990
908720505937362974
908720507313094676
908720503269756949
908720477126688799
908720519543685160
908720506885242880
908720525054976060
908720543618961408
908332190952198184
908332183729623091
908332190004297758
908332190553743390
908332194760638515
908332433806610452
908332398117277746
908337878759796746
908337882383650857
908337867313537024
908337903715909642
908337883864236062
908337853845618718
908337898665947228
908337883495157780
908337878252257321
908337865732288562
908337856785813514
908337883822325760
908337907750826034
908337912742027314
908337932946014260
908337943129772052
908337952172703774
908338109379387394
908338158394048552
908338159744581712
908338159597785128
908338181479465020
908338170901438495
908338181311713321
908338183736033290
908338158733762630
908339457755869225
908339441599393802
908339456304631901
908339440697618443
908339455960698961
908339441150607410
908339452076785685
908343404331687956
908343596627951677
908343585768898590
908343623932866562
908343597294825502
908343624255828018
908343606656516176
908343606673301555
908343624322908181
908343623760896001
908343651346841620
908343960697724961
908344519416750111
908344577176522762
908344597330145300
908344595438526545
908344609762062356
908344725596147753
908344703798378557
908344721091481640
908344725558411338
908344734534217808
908344776204644422
908344776003301397
908344760350171147
908344773788729374
908348899905929216
908348899880734780
908348936719306782
908348933552631878
908349126842941490
908349167678664735
908349160175059005
908349140365348944
908349189866528778
908349167934529566
908349185890340895
908349206111092776
908349188973142026
908349166109995078
908349190302756884
908349190378242122
908349190650859570
908349189967200326
908349461946826822
908350148835426375
908350141390553149
908350148931899413
908350168338927647
908350147426140160
908350147300315267
908350148827033621
908350175913840700
908350425651118081
908350425823051786
908350426158612511
908350438670237716
908350425542049823
908350427395940374
908350443481092096
908350442927456277
908350425470758913
908350443091001344
908350410232844289
908354690289381447
908354680466337792
908354691296030761
908354690184519790
908354702851342366
908354691308593182
908354691564453939
908354701622382652
908354712695365662
908354690004156467
908354679958806562
908354714096238624
908354702167666688
908354702746484767
908354702075363338
908354724422639617
908354979595706448
908355900404793375
908355994239791154
908356009628680222
908356009699999765
908356197537705984
908356213660594226
908356235441623050
908356216932147230
908356223181684776
908356212947562526
908356250226532353
908356186825441330
908356250327220244
908356226205769780
908356235194163242
908356235332558849
908356250557882389
908356223563354132
908356249928757279
908356279955755048
908356291297161289
908356521304403979
908360121044836403
908360121070014514
908360143945760820
908360094977241159
908360135787823145
908360140850364457
908360144201584660
908360141496279092
908360141001359401
908360375945297951
908360390554038333
908360411433279490
908360401371160656
908360412070826005
908360411089362955
908360412385411092
908360411286495232
908360411747852338
908360428629930015
908365958924603402
908366078319681557
908366161643720704
908366161530466406
908366153385148436
908366183621853195
908366161975050251
908366180471939083
908366183697375273
908366180316774460
908367121388564491
908367128938307624
908367129022189598
908367134697074688
908367147162554388
908367257497899018
908367275961237594
908367367204122685
908367387051561013
908367379237576774
908367394542587925
908367379279544410
908367372119851079
908367388427292733
908367378298048523
908367395704410122
908367407226171422
908367440445063248
908367440344403990
908367435642576978
908367434698866699
908367435692916796
908312711325171752
908370867417915402
908371139301093417
908371139682783232
908371099354558464
908371125602500678
908371154467688480
908371160469757964
908371140269981747
908371154778083328
908371150889967619
908371170326356078
908371162692726816
908371150470541362
908371154761297971
908371170322161744
908371176684937236
908371162755661864
908371170372513793
908371176353579069
908371205336203274
908371205579505736
908371469883547659
908371440003342376
908371446399639642
908371464489697330
908371440053669938
908371439705526324
908371455283187775
908371439986544700
908371464359665714
908371439776854057
908371454620491797
908371453597065248
908371455258025984
908371464183504908
908371464200265790
908371454872133674
908371660124590121
908373356649263215
908373399712194632
908373393328472085
908373393500438538
908373400844664833
908373403935854613
908373388651819068
908373412915843183
908373597414883328
908373631652995143
908373631481036842
908373630629597185
908373620500332564
908373638938525736
908373648128225331
908373638561038337
908373659717099530
908373653941518336
908373653815689247
908373655384391700
908373640075157615
908373668453818378
908373667782721566
908373668441255986
908375771142291517
908375764204941312
908375771645607967
908375765387726918
908375764938928129
908375765232541727
908375875173625898
908376058355646494
908376057315459083
908376031822479361
908376057948815404
908376058154328135
908376042190815272
908376058045300736
908376068703010857
908376081030062112
908376057386770523
908376081407557694
908376058074644480
908376092681850881
908376082154127391
908376089880064012
908376090412724244
908376102702026772
908376092656689152
908376098889420810
908376340317745222
908376328221372436
908376340154175498
908378238965940264
908378238944964608
908378237925732452
908378517409001493
908378510496788541
908378512535203910
908378510761005116
908378541199081485
908378536337899540
908378523817873478
908378540188270624
908378526850375752
908378540095987755
908378539630424075
908378541513670677
908378540439920660
908378551424790548
908378536300142653
908378531476668416
908378563252744282
908378558345379840
908378775048310814
908378803200475166
908378832116006973
908378811513577482
908378832334110730
908378840458469446
908378827321921566
908378840198422549
908378845449715812
908378844917031055
908378840433324134
908381046544941117
908381003981148180
908381052953845811
908381038512832582
908381061858336778
908381061715751022
908381062336499742
908381063674486824
908381062823022593
908381063678681128
908381046452682813
908381059350163537
908381044447789117
908381064584638504
908381059647950908
908381086898352178
908381073367502848
908381336975319110
908381367828635678
908381367304327169
908381373398675537
908381374833106994
908381389295083571
908381374707298346
908381367757320212
908381388154228737
908720519577223239
908720531241590784
908720505983492106
908720533816893450
908720530729889874
908720707255537674
908720706978734101
908720736150106113
908720765640261692
908722522093154344
908722541319847978
908722536227930112
908722539969273927
908722752582737923
908722788943155210
908722816726224916
908722815539216386
908722815388254209
908722792751575100
908722816260653086
908722818357809163
908722813987344464
908722813484023868
908722843221635152
908722815178514454
908722836594651226
908722827555930143
905437297179234345
905437302409539594
905437317215420426
905437307291721759
905437340946792449
905437964367196162
905437987117105182
905437987578478622
905437987968548864
905437987314217042
905437987632984085
905437991177191444
905437991298793492
905438002141097995
905437974311895040
905437988501200917
905438019329347645
905438019497132052
905438656427339826
905439707654131742
905439728134942750
905439718399963187
905444290862411776
905444384546390126
905444361850998824
905444403424952320
905444399608111105
905444400019152957
905444407589888060
905444384433127524
905444396336562176
905444417501020210
905444425369526312
905444411352166411
905444434102067202
905444435104501820
905444446244585504
905444570127564810
905444688922812417
905444720346562580
905444701971288124
905444713199448074
905444722443702393
905444712721301525
905444709567168555
905444726432493598
905444727229390848
905444737836797952
905444726445076520
905444740219146271
905444740252721205
905444713958608926
905444737866158150
905444768971112448
905444781369462844
905444793566498867
905445051142905886
905445045254119494
905445076916920351
905445062568202260
905445061578326087
905445056041844736
905445788707094540
905445800467890217
905445787394252821
905445811217907742
905445803265511425
905446535943311360
905446536194961408
905446537671364618
905446547846742136
905446548035481671
905446927359959050
905446881830785064
905448129946583041
905448127279009853
905448443512766484
905448440568352818
905448407173308506
905448492250566678
905448496486809680
905448451083481099
905448456313798667
905448456859033630
905448456519299083
905448492670017567
905448481005654037
905448496537153546
905448492426739732
905448509191381012
905448458452881418
905448512752320533
905448526966837298
905448570927325214
905448831339089940
905448841204101150
905448851467558922
905448757489991681
905448832152776774
905448851488522270
905449242150207558
905449242091466764
905449243936968744
905449254850527303
905449281501167657
905453201195675698
905453187522240522
905453188356902942
905453231948312576
905453241452605480
905453445740388382
905453516376657951
905453524018671658
905453516947071006
905453517295214643
905453517064527872
905453516817072139
905454524708323390
905454582002487336
905456786453180476
905456823539216395
905456724671074316
905456781625540639
905456806690693140
905456830619193344
905456822113140739
905456735433654373
905456852299558973
905456850814783488
905456833051897856
905456806376120320
905456832380801104
905456825976098826
905456852484124702
905456859945771069
905456875993186385
905457162753572895
905457165110747188
905457151697354783
905457161704988722
905457161763708938
905457190532440135
905457190754730024
905457190612140154
905457182823297065
905457177555239003
905457206982479923
905457207066382376
905457206122672178
905457206915383367
925016228764999710
925017680518471690
925019079956389919
925016968640200714
925020513707905054
925021220548796477
925021937992863754
925023377251524658
925022663632638062
925024136244391976
925025555387125850
925024845903839273
925026267781271552
925026974630563860
925027675645571102
925028382578720788
925029119358533643
925029841131151411
925031267588771841
925031995711586326
925030550060797963
925033433628037141
925034140447957073
925032722240503808
925035560823832597
925034850115801088
925036288523010100
925037026909257768
925037746622435360
925038457796042752
925039195272151070
925039908987486238
925041326523842580
925040618793758760
925042074481467393
925042786678480896
925043493473239040
925044203749244948
925044914608304158
925046332719247432
925047047785164840
925045625945456671
925047762905620501
925048478525186098
925049184841764924
925049903611281468
925050618039660604
925051379624603688
925209638788534333
925210594943070268
925211298063585290
925214150345494648
925212042812596304
925212739570376774
925215620285464576
925216329051537509
925217047758135387
925217784533778462
925218493736058891
925219176249970778
925219866045202512
925220565709652048
925221263742468136
925222637444145202
925221947787345920
925223330376728586
925224017277894676
925226792309108768
925227484021153822
925224706020347904
925228189637304351
925228923044909096
925229614379450419
925233282289913856
925232590749855795
925231878875787295
925233972529754133
925237462828220416
925236067165159435
925235380129792051
925234672676515840
925236775281119243
925238149670662144
925239557597855795
925238863369232454
925241622994759680
925240244117336094
925242313150705704
925242995266179072
925243679894032404
925244369005596693
925248498180452372
925245060306587649
925247118002769952
925249185991761931
925245742677893130
925247805042327582
925246427473526794
925250559643111494
925252005486809108
925251263057252373
925249875887656990
925253414814896169
925255537346609192
925257947163033670
925252694111846410
925260749545304074
925260053169188954
925256926160375839
925262144021332059
925264250493091862
925265666775347220
925264938799349780
925266376833269801
925259352095465482
925268495057440818
925267804561748039
925261446642819152
925270560034926593
925269177009307700
925271250912305172
925269866028621846
925271935527550977
925274702258249758
925272642204885002
925275386265362483
925274008121929759
925276074655502356
925258659112575036
925277452010405939
925276763716722698
925278139490402344
925279537548374046
925278842657071125
925280239477723166
925281715046449172
925283207182696528
925284724916772884
925285497046175744
925286230319591465
925286950682890291
925292147903717396
925292855583465473
925288386800009246
925289977368150096
925293566174048316
925289202172698624
925287664712826880
925283970256625665
925290697832153149
925294277683216386
925295058473857025
925295788723175465
925297973687095307
925297233354715157
925296520662777888
925298720617168937
925299434588360724
925300142163243099
925300856738418689
925302281904214076
925303000958918677
925301571410083880
925304466679406622
925303744692891699
925305901865377842
925305193015423006
925306630827024384
925307336963272705
925308046668861460
925308765224439859
925309490851610625
925310205816881182
925310926750638110
925263539210453024
922863420267692032
922864778517569546
922862749728538644
922841460473233428
922837240726581248
922864100810326067
922836426876420127
922870114523684864
922844017958457389
922871506076332042
922873548538781697
922874222399873104
922872187105452152
922860226431049769
922860894877274133
922866111626760252
922865448280784916
922868833893629984
922870804088254535
922872867102789723
922877648059895889
922867490562928691
922874900748861511
922835727023235074
922837904420642837
922879006800486400
922878325393866752
922882396217552956
922876290263027722
922881731063873536
923226439988416573
923233615444320296
923223714865233920
923225764592254985
922883796372697168
923224415607586826
922879684449034280
922843111321894974
923228476910215250
923222351611572294
923229814394060841
922881044410171435
922876975184482324
923229145759117424
923227107646140458
923242107186077716
923234299677913148
923244189121134632
923242776244658207
923225094619299841
923243524730810398
923248858023202927
923431855196368906
923436462526058506
923432508853481472
923246176650792990
923246843939393556
923442404562989066
923435801067532289
923435147871780875
923441745738465300
923437775745843270
923439754899488778
923445725298319402
923431192634728548
923444395175456779
923449051532365825
923447060370440214
923445057862893608
923429875019292692
923443070148694017
923448380733153280
923449709400588320
923447720004423751
923450368845815808
923454331892666420
923451686817767424
923453662838267926
923458944091955201
923458286529953803
923463010264174602
923460950818967583
923454988649373738
923459602962591795
923455645481570365
923453004542246912
923457625214038056
923467677119434763
923464344031887360
923460261128589402
923461646838530049
923452345965248513
923465011920244776
923468342080192552
923465673492008980
923456302708039730
923469015190487140
923462331080536064
923471019908399125
923469693736587294
925321086525124618
925321806909440010
925322538521882675
925323249263472640
925323985732911125
925324829530415145
925325560366907392
925345030829408267
925346482813542451
925347201415262279
925347905190133792
925348624504881173
925349366468870144
925350088925151243
925350802502070272
925351513377882112
925352228385091604
925352940926021662
925353648307965972
925354406206124072
925355146685321227
925355858412572722
925356619909459991
925357345121394698
925358058232746064
925358766046732288
925359473202200596
925360186280013885
925360924959834162
925362444405178388
925363151384502343
925363881528950816
925364625980162138
925365377133838347
925366115012608021
925366838609719328
925367577109209088
925368324123136001
925369761846669373
925370574539210804
925371323033727029
925372040788193300
925372748434378782
925373495960039465
925374214448496670
925374922128257094
925375639765274654
925376353056997466
925377066508115978
925377772258459699
925378487311798282
925379202969133146
925379934015344702
925380654491910196
925381471823335494
925382192207646760
925382912252182599
925383623958474783
925384347408822293
925385072163553320
925385791339909210
925386519856959560
925387976496807947
925388698672058398
925389429986713721
925390165894135878
925390926451466340
925393163458314251
925393896073199639
